function [output] = fastdct8(vector)
v0 = vector(1) + vector(8);
v1 = vector(2) + vector(7);
v2 = vector(3) + vector(6);
v3 = vector(4) + vector(5);
v4 = vector(4) - vector(5);
v5 = vector(3) - vector(6);
v6 = vector(2) - vector(7);
v7 = vector(1) - vector(8);

v8 = v0 + v3; 
v9 = v1 + v2;
v10 = v1 - v2; 
v11 = v0 - v3;
v12 = -v4 - v5; 
v13 = (v5 + v6)*0.707106781186547524400844;
v14 = v6 + v7;
v15 = v8 + v9;
v16 = v8 - v9;
v17 = (v10 + v11)*0.707106781186547524400844;
v18 = (v12 + v14)*0.382683432365089771728460;%
v19 = -v12*0.541196100146196984399723 - v18;
v20 = v14*1.306562964876376527856643 - v18;
v21 = v17 + v11;
v22 = v11 - v17;
v23 = v13 + v7;
v24 = v7 - v13;
v25 = v19 + v24;
v26 = v23 + v20;
v27 = v23 - v20;
v28 = v24 - v19;

output = [0.353553390593273762200422*v15, 0.254897789552079584470970*v26, ...
          0.270598050073098492199862*v21, 0.300672443467522640271861*v28, ...
          0.353553390593273762200422*v16, 0.449988111568207852319255*v25, ...
          0.653281482438188263928322*v22, 1.281457723870753089398043*v27];




end

